0.0000000000 2.8274910000 2.8274910000
2.8274910000 0.0000000000 2.8274910000
2.8274910000 2.8274910000 0.0000000000
   0.000000    5.654982    5.654982
   5.654982    0.000000    5.654982
   5.654982    5.654982    0.000000
16 8
Direct
   0.25000000  0.25000000  0.25000000	Cl
   0.25000000  0.25000000  0.75000000	Cl
   0.25000000  0.75000000  0.25000000	Cl
   0.25000000  0.75000000  0.75000000	Cl
   0.75000000  0.25000000  0.25000000	Cl
   0.75000000  0.25000000  0.75000000	Cl
   0.75000000  0.75000000  0.25000000	Cl
   0.75000000  0.75000000  0.75000000	Cl
   0.00000000  0.00000000  0.00000000	Na
   0.00000000  0.00000000  0.50000000	Na
   0.00000000  0.50000000  0.00000000	Na
   0.00000000  0.50000000  0.50000000	Na
   0.50000000  0.00000000  0.00000000	Na
   0.50000000  0.00000000  0.50000000	Na
   0.50000000  0.50000000  0.00000000	Na
   0.50000000  0.50000000  0.50000000	Na
   -2.328757    0.000000    0.000000    0.290298    0.382974    0.000000    0.290298    0.000000    0.382974   -0.055330    0.000000    0.000000   -0.055330    0.000000    0.000000    0.290298    0.000000   -0.382974    0.290298   -0.382974    0.000000    0.039102    0.000000    0.000000   -0.024711    0.000000    0.000000    0.084145    0.000000    0.000000    0.084145    0.000000    0.000000    0.475983    0.000000    0.000000    0.475983    0.000000    0.000000    0.084145    0.000000    0.000000    0.084145    0.000000    0.000000   -0.024711    0.000000    0.000000
    0.000000   -2.328757    0.000000    0.382974    0.290298    0.000000    0.000000   -0.055330    0.000000    0.000000    0.290298   -0.382974    0.000000    0.290298    0.382974    0.000000   -0.055330    0.000000   -0.382974    0.290298    0.000000    0.000000    0.039102    0.000000    0.000000   -0.024711    0.000000    0.000000    0.084145    0.000000    0.000000    0.475983    0.000000    0.000000    0.084145    0.000000    0.000000    0.084145    0.000000    0.000000    0.475983    0.000000    0.000000    0.084145    0.000000    0.000000   -0.024711    0.000000
    0.000000    0.000000   -2.328757    0.000000    0.000000   -0.055330    0.382974    0.000000    0.290298    0.000000   -0.382974    0.290298    0.000000    0.382974    0.290298   -0.382974    0.000000    0.290298    0.000000    0.000000   -0.055330    0.000000    0.000000    0.039102    0.000000    0.000000   -0.024711    0.000000    0.000000    0.475983    0.000000    0.000000    0.084145    0.000000    0.000000    0.084145    0.000000    0.000000    0.084145    0.000000    0.000000    0.084145    0.000000    0.000000    0.475983    0.000000    0.000000   -0.024711
    0.290298    0.382974    0.000000   -2.328757    0.000000    0.000000   -0.055330    0.000000    0.000000    0.290298    0.000000    0.382974    0.290298    0.000000   -0.382974   -0.055330    0.000000    0.000000    0.039102    0.000000    0.000000    0.290298   -0.382974    0.000000    0.084145    0.000000    0.000000   -0.024711    0.000000    0.000000    0.475983    0.000000    0.000000    0.084145    0.000000    0.000000    0.084145    0.000000    0.000000    0.475983    0.000000    0.000000   -0.024711    0.000000    0.000000    0.084145    0.000000    0.000000
    0.382974    0.290298    0.000000    0.000000   -2.328757    0.000000    0.000000    0.290298   -0.382974    0.000000   -0.055330    0.000000    0.000000   -0.055330    0.000000    0.000000    0.290298    0.382974    0.000000    0.039102    0.000000   -0.382974    0.290298    0.000000    0.000000    0.084145    0.000000    0.000000   -0.024711    0.000000    0.000000    0.084145    0.000000    0.000000    0.475983    0.000000    0.000000    0.475983    0.000000    0.000000    0.084145    0.000000    0.000000   -0.024711    0.000000    0.000000    0.084145    0.000000
    0.000000    0.000000   -0.055330    0.000000    0.000000   -2.328757    0.000000   -0.382974    0.290298    0.382974    0.000000    0.290298   -0.382974    0.000000    0.290298    0.000000    0.382974    0.290298    0.000000    0.000000    0.039102    0.000000    0.000000   -0.055330    0.000000    0.000000    0.475983    0.000000    0.000000   -0.024711    0.000000    0.000000    0.084145    0.000000    0.000000    0.084145    0.000000    0.000000    0.084145    0.000000    0.000000    0.084145    0.000000    0.000000   -0.024711    0.000000    0.000000    0.475983
    0.290298    0.000000    0.382974   -0.055330    0.000000    0.000000   -2.328757    0.000000    0.000000    0.290298    0.382974    0.000000    0.290298   -0.382974    0.000000    0.039102    0.000000    0.000000   -0.055330    0.000000    0.000000    0.290298    0.000000   -0.382974    0.084145    0.000000    0.000000    0.475983    0.000000    0.000000   -0.024711    0.000000    0.000000    0.084145    0.000000    0.000000    0.084145    0.000000    0.000000   -0.024711    0.000000    0.000000    0.475983    0.000000    0.000000    0.084145    0.000000    0.000000
    0.000000   -0.055330    0.000000    0.000000    0.290298   -0.382974    0.000000   -2.328757    0.000000    0.382974    0.290298    0.000000   -0.382974    0.290298    0.000000    0.000000    0.039102    0.000000    0.000000    0.290298    0.382974    0.000000   -0.055330    0.000000    0.000000    0.475983    0.000000    0.000000    0.084145    0.000000    0.000000   -0.024711    0.000000    0.000000    0.084145    0.000000    0.000000    0.084145    0.000000    0.000000   -0.024711    0.000000    0.000000    0.084145    0.000000    0.000000    0.475983    0.000000
    0.382974    0.000000    0.290298    0.000000   -0.382974    0.290298    0.000000    0.000000   -2.328757    0.000000    0.000000   -0.055330    0.000000    0.000000   -0.055330    0.000000    0.000000    0.039102    0.000000    0.382974    0.290298   -0.382974    0.000000    0.290298    0.000000    0.000000    0.084145    0.000000    0.000000    0.084145    0.000000    0.000000   -0.024711    0.000000    0.000000    0.475983    0.000000    0.000000    0.475983    0.000000    0.000000   -0.024711    0.000000    0.000000    0.084145    0.000000    0.000000    0.084145
   -0.055330    0.000000    0.000000    0.290298    0.000000    0.382974    0.290298    0.382974    0.000000   -2.328757    0.000000    0.000000    0.039102    0.000000    0.000000    0.290298   -0.382974    0.000000    0.290298    0.000000   -0.382974   -0.055330    0.000000    0.000000    0.475983    0.000000    0.000000    0.084145    0.000000    0.000000    0.084145    0.000000    0.000000   -0.024711    0.000000    0.000000   -0.024711    0.000000    0.000000    0.084145    0.000000    0.000000    0.084145    0.000000    0.000000    0.475983    0.000000    0.000000
    0.000000    0.290298   -0.382974    0.000000   -0.055330    0.000000    0.382974    0.290298    0.000000    0.000000   -2.328757    0.000000    0.000000    0.039102    0.000000   -0.382974    0.290298    0.000000    0.000000   -0.055330    0.000000    0.000000    0.290298    0.382974    0.000000    0.084145    0.000000    0.000000    0.475983    0.000000    0.000000    0.084145    0.000000    0.000000   -0.024711    0.000000    0.000000   -0.024711    0.000000    0.000000    0.084145    0.000000    0.000000    0.475983    0.000000    0.000000    0.084145    0.000000
    0.000000   -0.382974    0.290298    0.382974    0.000000    0.290298    0.000000    0.000000   -0.055330    0.000000    0.000000   -2.328757    0.000000    0.000000    0.039102    0.000000    0.000000   -0.055330   -0.382974    0.000000    0.290298    0.000000    0.382974    0.290298    0.000000    0.000000    0.084145    0.000000    0.000000    0.084145    0.000000    0.000000    0.475983    0.000000    0.000000   -0.024711    0.000000    0.000000   -0.024711    0.000000    0.000000    0.475983    0.000000    0.000000    0.084145    0.000000    0.000000    0.084145
   -0.055330    0.000000    0.000000    0.290298    0.000000   -0.382974    0.290298   -0.382974    0.000000    0.039102    0.000000    0.000000   -2.328757    0.000000    0.000000    0.290298    0.382974    0.000000    0.290298    0.000000    0.382974   -0.055330    0.000000    0.000000    0.475983    0.000000    0.000000    0.084145    0.000000    0.000000    0.084145    0.000000    0.000000   -0.024711    0.000000    0.000000   -0.024711    0.000000    0.000000    0.084145    0.000000    0.000000    0.084145    0.000000    0.000000    0.475983    0.000000    0.000000
    0.000000    0.290298    0.382974    0.000000   -0.055330    0.000000   -0.382974    0.290298    0.000000    0.000000    0.039102    0.000000    0.000000   -2.328757    0.000000    0.382974    0.290298    0.000000    0.000000   -0.055330    0.000000    0.000000    0.290298   -0.382974    0.000000    0.084145    0.000000    0.000000    0.475983    0.000000    0.000000    0.084145    0.000000    0.000000   -0.024711    0.000000    0.000000   -0.024711    0.000000    0.000000    0.084145    0.000000    0.000000    0.475983    0.000000    0.000000    0.084145    0.000000
    0.000000    0.382974    0.290298   -0.382974    0.000000    0.290298    0.000000    0.000000   -0.055330    0.000000    0.000000    0.039102    0.000000    0.000000   -2.328757    0.000000    0.000000   -0.055330    0.382974    0.000000    0.290298    0.000000   -0.382974    0.290298    0.000000    0.000000    0.084145    0.000000    0.000000    0.084145    0.000000    0.000000    0.475983    0.000000    0.000000   -0.024711    0.000000    0.000000   -0.024711    0.000000    0.000000    0.475983    0.000000    0.000000    0.084145    0.000000    0.000000    0.084145
    0.290298    0.000000   -0.382974   -0.055330    0.000000    0.000000    0.039102    0.000000    0.000000    0.290298   -0.382974    0.000000    0.290298    0.382974    0.000000   -2.328757    0.000000    0.000000   -0.055330    0.000000    0.000000    0.290298    0.000000    0.382974    0.084145    0.000000    0.000000    0.475983    0.000000    0.000000   -0.024711    0.000000    0.000000    0.084145    0.000000    0.000000    0.084145    0.000000    0.000000   -0.024711    0.000000    0.000000    0.475983    0.000000    0.000000    0.084145    0.000000    0.000000
    0.000000   -0.055330    0.000000    0.000000    0.290298    0.382974    0.000000    0.039102    0.000000   -0.382974    0.290298    0.000000    0.382974    0.290298    0.000000    0.000000   -2.328757    0.000000    0.000000    0.290298   -0.382974    0.000000   -0.055330    0.000000    0.000000    0.475983    0.000000    0.000000    0.084145    0.000000    0.000000   -0.024711    0.000000    0.000000    0.084145    0.000000    0.000000    0.084145    0.000000    0.000000   -0.024711    0.000000    0.000000    0.084145    0.000000    0.000000    0.475983    0.000000
   -0.382974    0.000000    0.290298    0.000000    0.382974    0.290298    0.000000    0.000000    0.039102    0.000000    0.000000   -0.055330    0.000000    0.000000   -0.055330    0.000000    0.000000   -2.328757    0.000000   -0.382974    0.290298    0.382974    0.000000    0.290298    0.000000    0.000000    0.084145    0.000000    0.000000    0.084145    0.000000    0.000000   -0.024711    0.000000    0.000000    0.475983    0.000000    0.000000    0.475983    0.000000    0.000000   -0.024711    0.000000    0.000000    0.084145    0.000000    0.000000    0.084145
    0.290298   -0.382974    0.000000    0.039102    0.000000    0.000000   -0.055330    0.000000    0.000000    0.290298    0.000000   -0.382974    0.290298    0.000000    0.382974   -0.055330    0.000000    0.000000   -2.328757    0.000000    0.000000    0.290298    0.382974    0.000000    0.084145    0.000000    0.000000   -0.024711    0.000000    0.000000    0.475983    0.000000    0.000000    0.084145    0.000000    0.000000    0.084145    0.000000    0.000000    0.475983    0.000000    0.000000   -0.024711    0.000000    0.000000    0.084145    0.000000    0.000000
   -0.382974    0.290298    0.000000    0.000000    0.039102    0.000000    0.000000    0.290298    0.382974    0.000000   -0.055330    0.000000    0.000000   -0.055330    0.000000    0.000000    0.290298   -0.382974    0.000000   -2.328757    0.000000    0.382974    0.290298    0.000000    0.000000    0.084145    0.000000    0.000000   -0.024711    0.000000    0.000000    0.084145    0.000000    0.000000    0.475983    0.000000    0.000000    0.475983    0.000000    0.000000    0.084145    0.000000    0.000000   -0.024711    0.000000    0.000000    0.084145    0.000000
    0.000000    0.000000   -0.055330    0.000000    0.000000    0.039102    0.000000    0.382974    0.290298   -0.382974    0.000000    0.290298    0.382974    0.000000    0.290298    0.000000   -0.382974    0.290298    0.000000    0.000000   -2.328757    0.000000    0.000000   -0.055330    0.000000    0.000000    0.475983    0.000000    0.000000   -0.024711    0.000000    0.000000    0.084145    0.000000    0.000000    0.084145    0.000000    0.000000    0.084145    0.000000    0.000000    0.084145    0.000000    0.000000   -0.024711    0.000000    0.000000    0.475983
    0.039102    0.000000    0.000000    0.290298   -0.382974    0.000000    0.290298    0.000000   -0.382974   -0.055330    0.000000    0.000000   -0.055330    0.000000    0.000000    0.290298    0.000000    0.382974    0.290298    0.382974    0.000000   -2.328757    0.000000    0.000000   -0.024711    0.000000    0.000000    0.084145    0.000000    0.000000    0.084145    0.000000    0.000000    0.475983    0.000000    0.000000    0.475983    0.000000    0.000000    0.084145    0.000000    0.000000    0.084145    0.000000    0.000000   -0.024711    0.000000    0.000000
    0.000000    0.039102    0.000000   -0.382974    0.290298    0.000000    0.000000   -0.055330    0.000000    0.000000    0.290298    0.382974    0.000000    0.290298   -0.382974    0.000000   -0.055330    0.000000    0.382974    0.290298    0.000000    0.000000   -2.328757    0.000000    0.000000   -0.024711    0.000000    0.000000    0.084145    0.000000    0.000000    0.475983    0.000000    0.000000    0.084145    0.000000    0.000000    0.084145    0.000000    0.000000    0.475983    0.000000    0.000000    0.084145    0.000000    0.000000   -0.024711    0.000000
    0.000000    0.000000    0.039102    0.000000    0.000000   -0.055330   -0.382974    0.000000    0.290298    0.000000    0.382974    0.290298    0.000000   -0.382974    0.290298    0.382974    0.000000    0.290298    0.000000    0.000000   -0.055330    0.000000    0.000000   -2.328757    0.000000    0.000000   -0.024711    0.000000    0.000000    0.475983    0.000000    0.000000    0.084145    0.000000    0.000000    0.084145    0.000000    0.000000    0.084145    0.000000    0.000000    0.084145    0.000000    0.000000    0.475983    0.000000    0.000000   -0.024711
   -0.039897    0.000000    0.000000    0.105713    0.000000    0.000000    0.105713    0.000000    0.000000    0.422372    0.000000    0.000000    0.422372    0.000000    0.000000    0.105713    0.000000    0.000000    0.105713    0.000000    0.000000   -0.039897    0.000000    0.000000   -1.834712    0.000000    0.000000    0.098847    0.396198    0.000000    0.098847    0.000000    0.396198   -0.031568    0.000000    0.000000   -0.031568    0.000000    0.000000    0.098847    0.000000   -0.396198    0.098847   -0.396198    0.000000    0.314658    0.000000    0.000000
    0.000000   -0.039897    0.000000    0.000000    0.105713    0.000000    0.000000    0.422372    0.000000    0.000000    0.105713    0.000000    0.000000    0.105713    0.000000    0.000000    0.422372    0.000000    0.000000    0.105713    0.000000    0.000000   -0.039897    0.000000    0.000000   -1.834712    0.000000    0.396198    0.098847    0.000000    0.000000   -0.031568    0.000000    0.000000    0.098847   -0.396198    0.000000    0.098847    0.396198    0.000000   -0.031568    0.000000   -0.396198    0.098847    0.000000    0.000000    0.314658    0.000000
    0.000000    0.000000   -0.039897    0.000000    0.000000    0.422372    0.000000    0.000000    0.105713    0.000000    0.000000    0.105713    0.000000    0.000000    0.105713    0.000000    0.000000    0.105713    0.000000    0.000000    0.422372    0.000000    0.000000   -0.039897    0.000000    0.000000   -1.834712    0.000000    0.000000   -0.031568    0.396198    0.000000    0.098847    0.000000   -0.396198    0.098847    0.000000    0.396198    0.098847   -0.396198    0.000000    0.098847    0.000000    0.000000   -0.031568    0.000000    0.000000    0.314658
    0.105713    0.000000    0.000000   -0.039897    0.000000    0.000000    0.422372    0.000000    0.000000    0.105713    0.000000    0.000000    0.105713    0.000000    0.000000    0.422372    0.000000    0.000000   -0.039897    0.000000    0.000000    0.105713    0.000000    0.000000    0.098847    0.396198    0.000000   -1.834712    0.000000    0.000000   -0.031568    0.000000    0.000000    0.098847    0.000000    0.396198    0.098847    0.000000   -0.396198   -0.031568    0.000000    0.000000    0.314658    0.000000    0.000000    0.098847   -0.396198    0.000000
    0.000000    0.105713    0.000000    0.000000   -0.039897    0.000000    0.000000    0.105713    0.000000    0.000000    0.422372    0.000000    0.000000    0.422372    0.000000    0.000000    0.105713    0.000000    0.000000   -0.039897    0.000000    0.000000    0.105713    0.000000    0.396198    0.098847    0.000000    0.000000   -1.834712    0.000000    0.000000    0.098847   -0.396198    0.000000   -0.031568    0.000000    0.000000   -0.031568    0.000000    0.000000    0.098847    0.396198    0.000000    0.314658    0.000000   -0.396198    0.098847    0.000000
    0.000000    0.000000    0.422372    0.000000    0.000000   -0.039897    0.000000    0.000000    0.105713    0.000000    0.000000    0.105713    0.000000    0.000000    0.105713    0.000000    0.000000    0.105713    0.000000    0.000000   -0.039897    0.000000    0.000000    0.422372    0.000000    0.000000   -0.031568    0.000000    0.000000   -1.834712    0.000000   -0.396198    0.098847    0.396198    0.000000    0.098847   -0.396198    0.000000    0.098847    0.000000    0.396198    0.098847    0.000000    0.000000    0.314658    0.000000    0.000000   -0.031568
    0.105713    0.000000    0.000000    0.422372    0.000000    0.000000   -0.039897    0.000000    0.000000    0.105713    0.000000    0.000000    0.105713    0.000000    0.000000   -0.039897    0.000000    0.000000    0.422372    0.000000    0.000000    0.105713    0.000000    0.000000    0.098847    0.000000    0.396198   -0.031568    0.000000    0.000000   -1.834712    0.000000    0.000000    0.098847    0.396198    0.000000    0.098847   -0.396198    0.000000    0.314658    0.000000    0.000000   -0.031568    0.000000    0.000000    0.098847    0.000000   -0.396198
    0.000000    0.422372    0.000000    0.000000    0.105713    0.000000    0.000000   -0.039897    0.000000    0.000000    0.105713    0.000000    0.000000    0.105713    0.000000    0.000000   -0.039897    0.000000    0.000000    0.105713    0.000000    0.000000    0.422372    0.000000    0.000000   -0.031568    0.000000    0.000000    0.098847   -0.396198    0.000000   -1.834712    0.000000    0.396198    0.098847    0.000000   -0.396198    0.098847    0.000000    0.000000    0.314658    0.000000    0.000000    0.098847    0.396198    0.000000   -0.031568    0.000000
    0.000000    0.000000    0.105713    0.000000    0.000000    0.105713    0.000000    0.000000   -0.039897    0.000000    0.000000    0.422372    0.000000    0.000000    0.422372    0.000000    0.000000   -0.039897    0.000000    0.000000    0.105713    0.000000    0.000000    0.105713    0.396198    0.000000    0.098847    0.000000   -0.396198    0.098847    0.000000    0.000000   -1.834712    0.000000    0.000000   -0.031568    0.000000    0.000000   -0.031568    0.000000    0.000000    0.314658    0.000000    0.396198    0.098847   -0.396198    0.000000    0.098847
    0.422372    0.000000    0.000000    0.105713    0.000000    0.000000    0.105713    0.000000    0.000000   -0.039897    0.000000    0.000000   -0.039897    0.000000    0.000000    0.105713    0.000000    0.000000    0.105713    0.000000    0.000000    0.422372    0.000000    0.000000   -0.031568    0.000000    0.000000    0.098847    0.000000    0.396198    0.098847    0.396198    0.000000   -1.834712    0.000000    0.000000    0.314658    0.000000    0.000000    0.098847   -0.396198    0.000000    0.098847    0.000000   -0.396198   -0.031568    0.000000    0.000000
    0.000000    0.105713    0.000000    0.000000    0.422372    0.000000    0.000000    0.105713    0.000000    0.000000   -0.039897    0.000000    0.000000   -0.039897    0.000000    0.000000    0.105713    0.000000    0.000000    0.422372    0.000000    0.000000    0.105713    0.000000    0.000000    0.098847   -0.396198    0.000000   -0.031568    0.000000    0.396198    0.098847    0.000000    0.000000   -1.834712    0.000000    0.000000    0.314658    0.000000   -0.396198    0.098847    0.000000    0.000000   -0.031568    0.000000    0.000000    0.098847    0.396198
    0.000000    0.000000    0.105713    0.000000    0.000000    0.105713    0.000000    0.000000    0.422372    0.000000    0.000000   -0.039897    0.000000    0.000000   -0.039897    0.000000    0.000000    0.422372    0.000000    0.000000    0.105713    0.000000    0.000000    0.105713    0.000000   -0.396198    0.098847    0.396198    0.000000    0.098847    0.000000    0.000000   -0.031568    0.000000    0.000000   -1.834712    0.000000    0.000000    0.314658    0.000000    0.000000   -0.031568   -0.396198    0.000000    0.098847    0.000000    0.396198    0.098847
    0.422372    0.000000    0.000000    0.105713    0.000000    0.000000    0.105713    0.000000    0.000000   -0.039897    0.000000    0.000000   -0.039897    0.000000    0.000000    0.105713    0.000000    0.000000    0.105713    0.000000    0.000000    0.422372    0.000000    0.000000   -0.031568    0.000000    0.000000    0.098847    0.000000   -0.396198    0.098847   -0.396198    0.000000    0.314658    0.000000    0.000000   -1.834712    0.000000    0.000000    0.098847    0.396198    0.000000    0.098847    0.000000    0.396198   -0.031568    0.000000    0.000000
    0.000000    0.105713    0.000000    0.000000    0.422372    0.000000    0.000000    0.105713    0.000000    0.000000   -0.039897    0.000000    0.000000   -0.039897    0.000000    0.000000    0.105713    0.000000    0.000000    0.422372    0.000000    0.000000    0.105713    0.000000    0.000000    0.098847    0.396198    0.000000   -0.031568    0.000000   -0.396198    0.098847    0.000000    0.000000    0.314658    0.000000    0.000000   -1.834712    0.000000    0.396198    0.098847    0.000000    0.000000   -0.031568    0.000000    0.000000    0.098847   -0.396198
    0.000000    0.000000    0.105713    0.000000    0.000000    0.105713    0.000000    0.000000    0.422372    0.000000    0.000000   -0.039897    0.000000    0.000000   -0.039897    0.000000    0.000000    0.422372    0.000000    0.000000    0.105713    0.000000    0.000000    0.105713    0.000000    0.396198    0.098847   -0.396198    0.000000    0.098847    0.000000    0.000000   -0.031568    0.000000    0.000000    0.314658    0.000000    0.000000   -1.834712    0.000000    0.000000   -0.031568    0.396198    0.000000    0.098847    0.000000   -0.396198    0.098847
    0.105713    0.000000    0.000000    0.422372    0.000000    0.000000   -0.039897    0.000000    0.000000    0.105713    0.000000    0.000000    0.105713    0.000000    0.000000   -0.039897    0.000000    0.000000    0.422372    0.000000    0.000000    0.105713    0.000000    0.000000    0.098847    0.000000   -0.396198   -0.031568    0.000000    0.000000    0.314658    0.000000    0.000000    0.098847   -0.396198    0.000000    0.098847    0.396198    0.000000   -1.834712    0.000000    0.000000   -0.031568    0.000000    0.000000    0.098847    0.000000    0.396198
    0.000000    0.422372    0.000000    0.000000    0.105713    0.000000    0.000000   -0.039897    0.000000    0.000000    0.105713    0.000000    0.000000    0.105713    0.000000    0.000000   -0.039897    0.000000    0.000000    0.105713    0.000000    0.000000    0.422372    0.000000    0.000000   -0.031568    0.000000    0.000000    0.098847    0.396198    0.000000    0.314658    0.000000   -0.396198    0.098847    0.000000    0.396198    0.098847    0.000000    0.000000   -1.834712    0.000000    0.000000    0.098847   -0.396198    0.000000   -0.031568    0.000000
    0.000000    0.000000    0.105713    0.000000    0.000000    0.105713    0.000000    0.000000   -0.039897    0.000000    0.000000    0.422372    0.000000    0.000000    0.422372    0.000000    0.000000   -0.039897    0.000000    0.000000    0.105713    0.000000    0.000000    0.105713   -0.396198    0.000000    0.098847    0.000000    0.396198    0.098847    0.000000    0.000000    0.314658    0.000000    0.000000   -0.031568    0.000000    0.000000   -0.031568    0.000000    0.000000   -1.834712    0.000000   -0.396198    0.098847    0.396198    0.000000    0.098847
    0.105713    0.000000    0.000000   -0.039897    0.000000    0.000000    0.422372    0.000000    0.000000    0.105713    0.000000    0.000000    0.105713    0.000000    0.000000    0.422372    0.000000    0.000000   -0.039897    0.000000    0.000000    0.105713    0.000000    0.000000    0.098847   -0.396198    0.000000    0.314658    0.000000    0.000000   -0.031568    0.000000    0.000000    0.098847    0.000000   -0.396198    0.098847    0.000000    0.396198   -0.031568    0.000000    0.000000   -1.834712    0.000000    0.000000    0.098847    0.396198    0.000000
    0.000000    0.105713    0.000000    0.000000   -0.039897    0.000000    0.000000    0.105713    0.000000    0.000000    0.422372    0.000000    0.000000    0.422372    0.000000    0.000000    0.105713    0.000000    0.000000   -0.039897    0.000000    0.000000    0.105713    0.000000   -0.396198    0.098847    0.000000    0.000000    0.314658    0.000000    0.000000    0.098847    0.396198    0.000000   -0.031568    0.000000    0.000000   -0.031568    0.000000    0.000000    0.098847   -0.396198    0.000000   -1.834712    0.000000    0.396198    0.098847    0.000000
    0.000000    0.000000    0.422372    0.000000    0.000000   -0.039897    0.000000    0.000000    0.105713    0.000000    0.000000    0.105713    0.000000    0.000000    0.105713    0.000000    0.000000    0.105713    0.000000    0.000000   -0.039897    0.000000    0.000000    0.422372    0.000000    0.000000   -0.031568    0.000000    0.000000    0.314658    0.000000    0.396198    0.098847   -0.396198    0.000000    0.098847    0.396198    0.000000    0.098847    0.000000   -0.396198    0.098847    0.000000    0.000000   -1.834712    0.000000    0.000000   -0.031568
   -0.039897    0.000000    0.000000    0.105713    0.000000    0.000000    0.105713    0.000000    0.000000    0.422372    0.000000    0.000000    0.422372    0.000000    0.000000    0.105713    0.000000    0.000000    0.105713    0.000000    0.000000   -0.039897    0.000000    0.000000    0.314658    0.000000    0.000000    0.098847   -0.396198    0.000000    0.098847    0.000000   -0.396198   -0.031568    0.000000    0.000000   -0.031568    0.000000    0.000000    0.098847    0.000000    0.396198    0.098847    0.396198    0.000000   -1.834712    0.000000    0.000000
    0.000000   -0.039897    0.000000    0.000000    0.105713    0.000000    0.000000    0.422372    0.000000    0.000000    0.105713    0.000000    0.000000    0.105713    0.000000    0.000000    0.422372    0.000000    0.000000    0.105713    0.000000    0.000000   -0.039897    0.000000    0.000000    0.314658    0.000000   -0.396198    0.098847    0.000000    0.000000   -0.031568    0.000000    0.000000    0.098847    0.396198    0.000000    0.098847   -0.396198    0.000000   -0.031568    0.000000    0.396198    0.098847    0.000000    0.000000   -1.834712    0.000000
    0.000000    0.000000   -0.039897    0.000000    0.000000    0.422372    0.000000    0.000000    0.105713    0.000000    0.000000    0.105713    0.000000    0.000000    0.105713    0.000000    0.000000    0.105713    0.000000    0.000000    0.422372    0.000000    0.000000   -0.039897    0.000000    0.000000    0.314658    0.000000    0.000000   -0.031568   -0.396198    0.000000    0.098847    0.000000    0.396198    0.098847    0.000000   -0.396198    0.098847    0.396198    0.000000    0.098847    0.000000    0.000000   -0.031568    0.000000    0.000000   -1.834712
     -0.08039    -0.08039    -0.08039     0.00000     0.00000     0.00000
