0.0000000000 2.1060000000 2.1060000000
2.1060000000 0.0000000000 2.1060000000
2.1060000000 2.1060000000 0.0000000000
   0.000000    4.212000    4.212000
   4.212000    0.000000    4.212000
   4.212000    4.212000    0.000000
16 8
Direct
   0.00000000  0.00000000  0.00000000	Mg
   0.00000000  0.00000000  0.50000000	Mg
   0.00000000  0.50000000  0.00000000	Mg
   0.00000000  0.50000000  0.50000000	Mg
   0.50000000  0.00000000  0.00000000	Mg
   0.50000000  0.00000000  0.50000000	Mg
   0.50000000  0.50000000  0.00000000	Mg
   0.50000000  0.50000000  0.50000000	Mg
   0.25000000  0.25000000  0.25000000	O
   0.25000000  0.25000000  0.75000000	O
   0.25000000  0.75000000  0.25000000	O
   0.25000000  0.75000000  0.75000000	O
   0.75000000  0.25000000  0.25000000	O
   0.75000000  0.25000000  0.75000000	O
   0.75000000  0.75000000  0.25000000	O
   0.75000000  0.75000000  0.75000000	O
 -10.944494 0 0 1.2607859 3.2291268 0 1.2607859 0 3.2291268 -0.37791067 0 0 -0.37791067 0 0 1.2607859 0 -3.2291268 1.2607859 -3.2291268 0 1.6976683 0 0 -0.15036081 0 0 0.78810691 0 0 0.78810691 0 0 1.0595556 0 0 1.0595556 0 0 0.78810691 0 0 0.78810691 0 0 -0.15036081 0 0
 0 -10.944494 0 3.2291268 1.2607859 0 0 -0.37791067 0 0 1.2607859 -3.2291268 0 1.2607859 3.2291268 0 -0.37791067 0 -3.2291268 1.2607859 0 0 1.6976683 0 0 -0.15036081 0 0 0.78810691 0 0 1.0595556 0 0 0.78810691 0 0 0.78810691 0 0 1.0595556 0 0 0.78810691 0 0 -0.15036081 0
 0 0 -10.944494 0 0 -0.37791067 3.2291268 0 1.2607859 0 -3.2291268 1.2607859 0 3.2291268 1.2607859 -3.2291268 0 1.2607859 0 0 -0.37791067 0 0 1.6976683 0 0 -0.15036081 0 0 1.0595556 0 0 0.78810691 0 0 0.78810691 0 0 0.78810691 0 0 0.78810691 0 0 1.0595556 0 0 -0.15036081
 1.2607859 3.2291268 0 -10.944494 0 0 -0.37791067 0 0 1.2607859 0 3.2291268 1.2607859 0 -3.2291268 -0.37791067 0 0 1.6976683 0 0 1.2607859 -3.2291268 0 0.78810691 0 0 -0.15036081 0 0 1.0595556 0 0 0.78810691 0 0 0.78810691 0 0 1.0595556 0 0 -0.15036081 0 0 0.78810691 0 0
 3.2291268 1.2607859 0 0 -10.944494 0 0 1.2607859 -3.2291268 0 -0.37791067 0 0 -0.37791067 0 0 1.2607859 3.2291268 0 1.6976683 0 -3.2291268 1.2607859 0 0 0.78810691 0 0 -0.15036081 0 0 0.78810691 0 0 1.0595556 0 0 1.0595556 0 0 0.78810691 0 0 -0.15036081 0 0 0.78810691 0
 0 0 -0.37791067 0 0 -10.944494 0 -3.2291268 1.2607859 3.2291268 0 1.2607859 -3.2291268 0 1.2607859 0 3.2291268 1.2607859 0 0 1.6976683 0 0 -0.37791067 0 0 1.0595556 0 0 -0.15036081 0 0 0.78810691 0 0 0.78810691 0 0 0.78810691 0 0 0.78810691 0 0 -0.15036081 0 0 1.0595556
 1.2607859 0 3.2291268 -0.37791067 0 0 -10.944494 0 0 1.2607859 3.2291268 0 1.2607859 -3.2291268 0 1.6976683 0 0 -0.37791067 0 0 1.2607859 0 -3.2291268 0.78810691 0 0 1.0595556 0 0 -0.15036081 0 0 0.78810691 0 0 0.78810691 0 0 -0.15036081 0 0 1.0595556 0 0 0.78810691 0 0
 0 -0.37791067 0 0 1.2607859 -3.2291268 0 -10.944494 0 3.2291268 1.2607859 0 -3.2291268 1.2607859 0 0 1.6976683 0 0 1.2607859 3.2291268 0 -0.37791067 0 0 1.0595556 0 0 0.78810691 0 0 -0.15036081 0 0 0.78810691 0 0 0.78810691 0 0 -0.15036081 0 0 0.78810691 0 0 1.0595556 0
 3.2291268 0 1.2607859 0 -3.2291268 1.2607859 0 0 -10.944494 0 0 -0.37791067 0 0 -0.37791067 0 0 1.6976683 0 3.2291268 1.2607859 -3.2291268 0 1.2607859 0 0 0.78810691 0 0 0.78810691 0 0 -0.15036081 0 0 1.0595556 0 0 1.0595556 0 0 -0.15036081 0 0 0.78810691 0 0 0.78810691
 -0.37791067 0 0 1.2607859 0 3.2291268 1.2607859 3.2291268 0 -10.944494 0 0 1.6976683 0 0 1.2607859 -3.2291268 0 1.2607859 0 -3.2291268 -0.37791067 0 0 1.0595556 0 0 0.78810691 0 0 0.78810691 0 0 -0.15036081 0 0 -0.15036081 0 0 0.78810691 0 0 0.78810691 0 0 1.0595556 0 0
 0 1.2607859 -3.2291268 0 -0.37791067 0 3.2291268 1.2607859 0 0 -10.944494 0 0 1.6976683 0 -3.2291268 1.2607859 0 0 -0.37791067 0 0 1.2607859 3.2291268 0 0.78810691 0 0 1.0595556 0 0 0.78810691 0 0 -0.15036081 0 0 -0.15036081 0 0 0.78810691 0 0 1.0595556 0 0 0.78810691 0
 0 -3.2291268 1.2607859 3.2291268 0 1.2607859 0 0 -0.37791067 0 0 -10.944494 0 0 1.6976683 0 0 -0.37791067 -3.2291268 0 1.2607859 0 3.2291268 1.2607859 0 0 0.78810691 0 0 0.78810691 0 0 1.0595556 0 0 -0.15036081 0 0 -0.15036081 0 0 1.0595556 0 0 0.78810691 0 0 0.78810691
 -0.37791067 0 0 1.2607859 0 -3.2291268 1.2607859 -3.2291268 0 1.6976683 0 0 -10.944494 0 0 1.2607859 3.2291268 0 1.2607859 0 3.2291268 -0.37791067 0 0 1.0595556 0 0 0.78810691 0 0 0.78810691 0 0 -0.15036081 0 0 -0.15036081 0 0 0.78810691 0 0 0.78810691 0 0 1.0595556 0 0
 0 1.2607859 3.2291268 0 -0.37791067 0 -3.2291268 1.2607859 0 0 1.6976683 0 0 -10.944494 0 3.2291268 1.2607859 0 0 -0.37791067 0 0 1.2607859 -3.2291268 0 0.78810691 0 0 1.0595556 0 0 0.78810691 0 0 -0.15036081 0 0 -0.15036081 0 0 0.78810691 0 0 1.0595556 0 0 0.78810691 0
 0 3.2291268 1.2607859 -3.2291268 0 1.2607859 0 0 -0.37791067 0 0 1.6976683 0 0 -10.944494 0 0 -0.37791067 3.2291268 0 1.2607859 0 -3.2291268 1.2607859 0 0 0.78810691 0 0 0.78810691 0 0 1.0595556 0 0 -0.15036081 0 0 -0.15036081 0 0 1.0595556 0 0 0.78810691 0 0 0.78810691
 1.2607859 0 -3.2291268 -0.37791067 0 0 1.6976683 0 0 1.2607859 -3.2291268 0 1.2607859 3.2291268 0 -10.944494 0 0 -0.37791067 0 0 1.2607859 0 3.2291268 0.78810691 0 0 1.0595556 0 0 -0.15036081 0 0 0.78810691 0 0 0.78810691 0 0 -0.15036081 0 0 1.0595556 0 0 0.78810691 0 0
 0 -0.37791067 0 0 1.2607859 3.2291268 0 1.6976683 0 -3.2291268 1.2607859 0 3.2291268 1.2607859 0 0 -10.944494 0 0 1.2607859 -3.2291268 0 -0.37791067 0 0 1.0595556 0 0 0.78810691 0 0 -0.15036081 0 0 0.78810691 0 0 0.78810691 0 0 -0.15036081 0 0 0.78810691 0 0 1.0595556 0
 -3.2291268 0 1.2607859 0 3.2291268 1.2607859 0 0 1.6976683 0 0 -0.37791067 0 0 -0.37791067 0 0 -10.944494 0 -3.2291268 1.2607859 3.2291268 0 1.2607859 0 0 0.78810691 0 0 0.78810691 0 0 -0.15036081 0 0 1.0595556 0 0 1.0595556 0 0 -0.15036081 0 0 0.78810691 0 0 0.78810691
 1.2607859 -3.2291268 0 1.6976683 0 0 -0.37791067 0 0 1.2607859 0 -3.2291268 1.2607859 0 3.2291268 -0.37791067 0 0 -10.944494 0 0 1.2607859 3.2291268 0 0.78810691 0 0 -0.15036081 0 0 1.0595556 0 0 0.78810691 0 0 0.78810691 0 0 1.0595556 0 0 -0.15036081 0 0 0.78810691 0 0
 -3.2291268 1.2607859 0 0 1.6976683 0 0 1.2607859 3.2291268 0 -0.37791067 0 0 -0.37791067 0 0 1.2607859 -3.2291268 0 -10.944494 0 3.2291268 1.2607859 0 0 0.78810691 0 0 -0.15036081 0 0 0.78810691 0 0 1.0595556 0 0 1.0595556 0 0 0.78810691 0 0 -0.15036081 0 0 0.78810691 0
 0 0 -0.37791067 0 0 1.6976683 0 3.2291268 1.2607859 -3.2291268 0 1.2607859 3.2291268 0 1.2607859 0 -3.2291268 1.2607859 0 0 -10.944494 0 0 -0.37791067 0 0 1.0595556 0 0 -0.15036081 0 0 0.78810691 0 0 0.78810691 0 0 0.78810691 0 0 0.78810691 0 0 -0.15036081 0 0 1.0595556
 1.6976683 0 0 1.2607859 -3.2291268 0 1.2607859 0 -3.2291268 -0.37791067 0 0 -0.37791067 0 0 1.2607859 0 3.2291268 1.2607859 3.2291268 0 -10.944494 0 0 -0.15036081 0 0 0.78810691 0 0 0.78810691 0 0 1.0595556 0 0 1.0595556 0 0 0.78810691 0 0 0.78810691 0 0 -0.15036081 0 0
 0 1.6976683 0 -3.2291268 1.2607859 0 0 -0.37791067 0 0 1.2607859 3.2291268 0 1.2607859 -3.2291268 0 -0.37791067 0 3.2291268 1.2607859 0 0 -10.944494 0 0 -0.15036081 0 0 0.78810691 0 0 1.0595556 0 0 0.78810691 0 0 0.78810691 0 0 1.0595556 0 0 0.78810691 0 0 -0.15036081 0
 0 0 1.6976683 0 0 -0.37791067 -3.2291268 0 1.2607859 0 3.2291268 1.2607859 0 -3.2291268 1.2607859 3.2291268 0 1.2607859 0 0 -0.37791067 0 0 -10.944494 0 0 -0.15036081 0 0 1.0595556 0 0 0.78810691 0 0 0.78810691 0 0 0.78810691 0 0 0.78810691 0 0 1.0595556 0 0 -0.15036081
 -0.15036081 0 0 0.78810691 0 0 0.78810691 0 0 1.0595556 0 0 1.0595556 0 0 0.78810691 0 0 0.78810691 0 0 -0.15036081 0 0 -10.312877 0 0 1.4289937 1.7943126 0 1.4289937 0 1.7943126 -0.26542677 0 0 -0.26542677 0 0 1.4289937 0 -1.7943126 1.4289937 -1.7943126 0 0.14562498 0 0
 0 -0.15036081 0 0 0.78810691 0 0 1.0595556 0 0 0.78810691 0 0 0.78810691 0 0 1.0595556 0 0 0.78810691 0 0 -0.15036081 0 0 -10.312877 0 1.7943126 1.4289937 0 0 -0.26542677 0 0 1.4289937 -1.7943126 0 1.4289937 1.7943126 0 -0.26542677 0 -1.7943126 1.4289937 0 0 0.14562498 0
 0 0 -0.15036081 0 0 1.0595556 0 0 0.78810691 0 0 0.78810691 0 0 0.78810691 0 0 0.78810691 0 0 1.0595556 0 0 -0.15036081 0 0 -10.312877 0 0 -0.26542677 1.7943126 0 1.4289937 0 -1.7943126 1.4289937 0 1.7943126 1.4289937 -1.7943126 0 1.4289937 0 0 -0.26542677 0 0 0.14562498
 0.78810691 0 0 -0.15036081 0 0 1.0595556 0 0 0.78810691 0 0 0.78810691 0 0 1.0595556 0 0 -0.15036081 0 0 0.78810691 0 0 1.4289937 1.7943126 0 -10.312877 0 0 -0.26542677 0 0 1.4289937 0 1.7943126 1.4289937 0 -1.7943126 -0.26542677 0 0 0.14562498 0 0 1.4289937 -1.7943126 0
 0 0.78810691 0 0 -0.15036081 0 0 0.78810691 0 0 1.0595556 0 0 1.0595556 0 0 0.78810691 0 0 -0.15036081 0 0 0.78810691 0 1.7943126 1.4289937 0 0 -10.312877 0 0 1.4289937 -1.7943126 0 -0.26542677 0 0 -0.26542677 0 0 1.4289937 1.7943126 0 0.14562498 0 -1.7943126 1.4289937 0
 0 0 1.0595556 0 0 -0.15036081 0 0 0.78810691 0 0 0.78810691 0 0 0.78810691 0 0 0.78810691 0 0 -0.15036081 0 0 1.0595556 0 0 -0.26542677 0 0 -10.312877 0 -1.7943126 1.4289937 1.7943126 0 1.4289937 -1.7943126 0 1.4289937 0 1.7943126 1.4289937 0 0 0.14562498 0 0 -0.26542677
 0.78810691 0 0 1.0595556 0 0 -0.15036081 0 0 0.78810691 0 0 0.78810691 0 0 -0.15036081 0 0 1.0595556 0 0 0.78810691 0 0 1.4289937 0 1.7943126 -0.26542677 0 0 -10.312877 0 0 1.4289937 1.7943126 0 1.4289937 -1.7943126 0 0.14562498 0 0 -0.26542677 0 0 1.4289937 0 -1.7943126
 0 1.0595556 0 0 0.78810691 0 0 -0.15036081 0 0 0.78810691 0 0 0.78810691 0 0 -0.15036081 0 0 0.78810691 0 0 1.0595556 0 0 -0.26542677 0 0 1.4289937 -1.7943126 0 -10.312877 0 1.7943126 1.4289937 0 -1.7943126 1.4289937 0 0 0.14562498 0 0 1.4289937 1.7943126 0 -0.26542677 0
 0 0 0.78810691 0 0 0.78810691 0 0 -0.15036081 0 0 1.0595556 0 0 1.0595556 0 0 -0.15036081 0 0 0.78810691 0 0 0.78810691 1.7943126 0 1.4289937 0 -1.7943126 1.4289937 0 0 -10.312877 0 0 -0.26542677 0 0 -0.26542677 0 0 0.14562498 0 1.7943126 1.4289937 -1.7943126 0 1.4289937
 1.0595556 0 0 0.78810691 0 0 0.78810691 0 0 -0.15036081 0 0 -0.15036081 0 0 0.78810691 0 0 0.78810691 0 0 1.0595556 0 0 -0.26542677 0 0 1.4289937 0 1.7943126 1.4289937 1.7943126 0 -10.312877 0 0 0.14562498 0 0 1.4289937 -1.7943126 0 1.4289937 0 -1.7943126 -0.26542677 0 0
 0 0.78810691 0 0 1.0595556 0 0 0.78810691 0 0 -0.15036081 0 0 -0.15036081 0 0 0.78810691 0 0 1.0595556 0 0 0.78810691 0 0 1.4289937 -1.7943126 0 -0.26542677 0 1.7943126 1.4289937 0 0 -10.312877 0 0 0.14562498 0 -1.7943126 1.4289937 0 0 -0.26542677 0 0 1.4289937 1.7943126
 0 0 0.78810691 0 0 0.78810691 0 0 1.0595556 0 0 -0.15036081 0 0 -0.15036081 0 0 1.0595556 0 0 0.78810691 0 0 0.78810691 0 -1.7943126 1.4289937 1.7943126 0 1.4289937 0 0 -0.26542677 0 0 -10.312877 0 0 0.14562498 0 0 -0.26542677 -1.7943126 0 1.4289937 0 1.7943126 1.4289937
 1.0595556 0 0 0.78810691 0 0 0.78810691 0 0 -0.15036081 0 0 -0.15036081 0 0 0.78810691 0 0 0.78810691 0 0 1.0595556 0 0 -0.26542677 0 0 1.4289937 0 -1.7943126 1.4289937 -1.7943126 0 0.14562498 0 0 -10.312877 0 0 1.4289937 1.7943126 0 1.4289937 0 1.7943126 -0.26542677 0 0
 0 0.78810691 0 0 1.0595556 0 0 0.78810691 0 0 -0.15036081 0 0 -0.15036081 0 0 0.78810691 0 0 1.0595556 0 0 0.78810691 0 0 1.4289937 1.7943126 0 -0.26542677 0 -1.7943126 1.4289937 0 0 0.14562498 0 0 -10.312877 0 1.7943126 1.4289937 0 0 -0.26542677 0 0 1.4289937 -1.7943126
 0 0 0.78810691 0 0 0.78810691 0 0 1.0595556 0 0 -0.15036081 0 0 -0.15036081 0 0 1.0595556 0 0 0.78810691 0 0 0.78810691 0 1.7943126 1.4289937 -1.7943126 0 1.4289937 0 0 -0.26542677 0 0 0.14562498 0 0 -10.312877 0 0 -0.26542677 1.7943126 0 1.4289937 0 -1.7943126 1.4289937
 0.78810691 0 0 1.0595556 0 0 -0.15036081 0 0 0.78810691 0 0 0.78810691 0 0 -0.15036081 0 0 1.0595556 0 0 0.78810691 0 0 1.4289937 0 -1.7943126 -0.26542677 0 0 0.14562498 0 0 1.4289937 -1.7943126 0 1.4289937 1.7943126 0 -10.312877 0 0 -0.26542677 0 0 1.4289937 0 1.7943126
 0 1.0595556 0 0 0.78810691 0 0 -0.15036081 0 0 0.78810691 0 0 0.78810691 0 0 -0.15036081 0 0 0.78810691 0 0 1.0595556 0 0 -0.26542677 0 0 1.4289937 1.7943126 0 0.14562498 0 -1.7943126 1.4289937 0 1.7943126 1.4289937 0 0 -10.312877 0 0 1.4289937 -1.7943126 0 -0.26542677 0
 0 0 0.78810691 0 0 0.78810691 0 0 -0.15036081 0 0 1.0595556 0 0 1.0595556 0 0 -0.15036081 0 0 0.78810691 0 0 0.78810691 -1.7943126 0 1.4289937 0 1.7943126 1.4289937 0 0 0.14562498 0 0 -0.26542677 0 0 -0.26542677 0 0 -10.312877 0 -1.7943126 1.4289937 1.7943126 0 1.4289937
 0.78810691 0 0 -0.15036081 0 0 1.0595556 0 0 0.78810691 0 0 0.78810691 0 0 1.0595556 0 0 -0.15036081 0 0 0.78810691 0 0 1.4289937 -1.7943126 0 0.14562498 0 0 -0.26542677 0 0 1.4289937 0 -1.7943126 1.4289937 0 1.7943126 -0.26542677 0 0 -10.312877 0 0 1.4289937 1.7943126 0
 0 0.78810691 0 0 -0.15036081 0 0 0.78810691 0 0 1.0595556 0 0 1.0595556 0 0 0.78810691 0 0 -0.15036081 0 0 0.78810691 0 -1.7943126 1.4289937 0 0 0.14562498 0 0 1.4289937 1.7943126 0 -0.26542677 0 0 -0.26542677 0 0 1.4289937 -1.7943126 0 -10.312877 0 1.7943126 1.4289937 0
 0 0 1.0595556 0 0 -0.15036081 0 0 0.78810691 0 0 0.78810691 0 0 0.78810691 0 0 0.78810691 0 0 -0.15036081 0 0 1.0595556 0 0 -0.26542677 0 0 0.14562498 0 1.7943126 1.4289937 -1.7943126 0 1.4289937 1.7943126 0 1.4289937 0 -1.7943126 1.4289937 0 0 -10.312877 0 0 -0.26542677
 -0.15036081 0 0 0.78810691 0 0 0.78810691 0 0 1.0595556 0 0 1.0595556 0 0 0.78810691 0 0 0.78810691 0 0 -0.15036081 0 0 0.14562498 0 0 1.4289937 -1.7943126 0 1.4289937 0 -1.7943126 -0.26542677 0 0 -0.26542677 0 0 1.4289937 0 1.7943126 1.4289937 1.7943126 0 -10.312877 0 0
 0 -0.15036081 0 0 0.78810691 0 0 1.0595556 0 0 0.78810691 0 0 0.78810691 0 0 1.0595556 0 0 0.78810691 0 0 -0.15036081 0 0 0.14562498 0 -1.7943126 1.4289937 0 0 -0.26542677 0 0 1.4289937 1.7943126 0 1.4289937 -1.7943126 0 -0.26542677 0 1.7943126 1.4289937 0 0 -10.312877 0
 0 0 -0.15036081 0 0 1.0595556 0 0 0.78810691 0 0 0.78810691 0 0 0.78810691 0 0 0.78810691 0 0 1.0595556 0 0 -0.15036081 0 0 0.14562498 0 0 -0.26542677 -1.7943126 0 1.4289937 0 1.7943126 1.4289937 0 -1.7943126 1.4289937 1.7943126 0 1.4289937 0 0 -0.26542677 0 0 -10.312877
